[banner.jpg]
filters=autolight=1;enhance=1;finetune2=1,0.146199,0.238596,0.000000,00000000,0.005848;
moddate=9bbb22451084d101
width=3264
height=2448
textactive=0
